19.9982273175
20.0160145642
20.0445506665
20.0764494564
20.1103593424
20.1351725339
20.1430601731
20.1954614
20.2090793139
20.2428172006
20.2537258986
20.2824219373
20.3123616947
20.3438750136
20.3586475158
20.3982911157
20.4320082421
20.4419247274
20.4664840966
20.4973341612
20.5173247436
20.5471052108
20.57192688
20.609431324
20.615281523
20.6499185742
20.6526506066
20.6954869225
20.733172813
20.7543850918
20.7759179835
20.8021304526
20.8347458459
20.8555802275
20.8728128682
20.8845123945
20.9147846405
20.9697972873
20.9874978563
21.0119255437
21.0419248068
21.0481921513
21.0860718423
21.1000821871
21.1389534621
21.162085555
21.200215595
21.2028921932
21.258906257
21.2681337177
21.2919089345
21.3088441953
21.3464297209
21.3737895003
21.4116784971
21.4343544864
21.4496379008
21.4853668553
21.4945450068
21.5256662728
21.5561536609
21.5842614904
21.5966716379
21.6355637809
21.6695544196
21.6899488306
21.7148416896
21.7240070602
21.7556025915
21.7894724321
21.8302900828
21.8261977273
21.8544773289
21.8876944841
21.9119367847
21.9415146824
21.9737472568
21.9884614614
22.0123483597
22.0348386725
22.0661696779
22.0954028959
22.1288169319
22.1537141565
22.1558079389
22.1999202149
22.2257911203
22.2476398976
22.2818746615
22.2973107191
22.3127144804
22.3331155297
22.3729533647
22.3905070484
22.406673781
22.4613364748
22.4764559226
22.5096961099
22.5118007599
22.5388053288
22.577479721
22.5954863191
22.6282785134
22.6612893463
22.6743604704
22.6957698262
22.7350754293
22.7622766748
22.7850001776
22.7943176395
22.8435920534
22.8536891884
22.8740907398
22.9198119838
22.9255242644
22.9453553433
22.9933156658
23.0032582236
23.0244152997
23.0496061345
23.0913777943
23.1274664357
23.1351185547
23.1573880938
23.1946530264
23.2203101572
23.2275677219
23.2634778428
23.287615661
23.3133359664
23.3339876039
23.3812079282
23.3756031186
23.4140793076
23.4418392286
23.4874968498
23.4880895119
23.5209021304
23.5286050726
23.5800622063
23.5926428853
23.623106498
23.6236045128
23.6816323624
23.7010734372
23.7255606705
23.7301742695
23.7588086761
23.805990421
23.8181812544
23.8434296782
23.8702471661
23.899132439
23.9177094181
23.9439852705
23.9564764172
24.0053886168
24.0108059167
24.0431969792
24.0632693867
24.1025449882
24.1149402659
24.1403571651
24.1651819615
24.1909282569
24.210575942
24.2199380107
24.268605525
24.2858587586
24.3209317664
24.3487594254
24.3696087038
24.399120428
24.4284278896
24.4484238928
24.4774352374
24.4892030272
24.532040079
24.5438573562
24.57709211
24.6022735684
24.6217076421
24.6399374625
24.6796136431
24.6947244411
24.7281810987
24.7393226869
24.7697537649
24.8059797245
24.8292117834
24.8603755302
24.8757519967
24.8874044438
24.9213560896
24.9409685061
24.9646830059
25.0068255676
25.0298420974
25.0662762387
25.0601239943
25.0970862715
25.1214293053
25.1550848031
25.1801811661
25.1985724469
25.227975089
25.244884399
25.2527134275
25.3049023421
25.3180353719
25.3408876545
25.3623514133
25.3996445386
25.4256692106
25.4610405337
25.4694791528
25.5049014298
25.5192411176
25.5562988426
25.5581596605
25.6006130762
25.6290058774
25.6470663292
25.6643663859
25.7075696544
25.7439424301
25.7405001677
25.76568172
25.8018211223
25.8151635026
25.8434887569
25.8624943353
25.8745852114
25.9284639554
25.9272129612
25.9775336312
25.996471772
26.0188933018
26.0225852222
26.0792609953
26.0881561858
26.1208463319
26.1211573412
26.1661717554
26.198394542
26.2137746483
26.2418914317
26.2653617388
26.2822304621
26.3239595381
26.3223625972
26.3528289974
26.3935534704
26.4256747578
26.4427169925
26.4626476792
26.4972791217
26.5281646927
26.5397803985
26.5634483512
26.569365148
26.6135007433
26.6416105305
26.6684734176
26.6869055347
26.7200753319
26.7452585098
26.7813112637
26.7886373895
26.8082510381
26.8211483059
26.8468386458
26.8926815925
26.8998793594
26.9148229321
26.9478651539
26.9855326444
27.0142353781
27.0388004818
27.0457281169
27.0663865407
27.1047758532
27.1162338103
27.1500115848
27.191120293
27.231784733
27.2392650757
27.2533879133
27.2755817254
27.3049555967
27.3199221554
27.3494573667
27.3812974025
27.4124889315
27.4339888371
27.4609868245
27.472593253
27.5008960805
27.5172959494
27.5446934497
27.562406219
27.6016611504
27.6171758158
27.6234801876
27.6725640324
27.6880934431
27.7115126534
27.7405397962
27.7730661741
27.77989409
27.8020574432
27.8501129193
27.8645107829
27.8757632811
27.9178544964
27.9318583874
27.9736828315
28.0021858836
28.0195614053
28.0357635345
28.0642204326
28.0770870504
28.1046878276
28.1297641921
28.1459510443
28.1910190796
28.2235354074
28.2355677035
28.2624963737
28.2842427399
28.318164413
28.3168994321
28.3572445538
28.3821690542
28.39677058
28.4332918562
28.4379394459
28.4718350195
28.4909790765
28.5410867726
28.5552028613
28.5891273624
28.5917056786
28.6172074397
28.6507343035
28.6692267464
28.676952054
28.7153986661
28.7530181008
28.7687201113
28.8033941451
28.808037766
28.832354718
28.8838391407
28.8802127979
28.9069497372
28.9401004889
28.9574434726
28.975315047
29.0041309219
29.0259892725
29.0411784977
29.0767819621
29.1107464045
29.1175827654
29.1503171022
29.1813937524
29.1912382759
29.2215512978
29.243551865
29.265758075
29.2969146316
29.3253326527
29.344485029
29.3669530397
29.3769363783
29.4118343053
29.4590652877
29.4615588349
29.4837101037
29.511254268
29.5447591424
29.5592110351
29.5901331293
29.6167660631
29.6255546335
29.630353843
29.6974978731
29.7035246826
29.7319879958
29.7596374877
29.7775222492
29.8123948577
29.8128659432
29.8504135352
29.8659598584
29.9050810023
29.9329291425
29.950982066
29.9809656411
30.0136544514
30.0087655507
30.0294129237
30.0657228068
30.1028499284
30.1037647683
30.1325093642
30.1684560003
30.1753108348
30.1881290687
30.2357641497
30.2643125767
30.2731020454
30.3061961599
30.3190319583
30.3549198284
30.3694631598
30.3973943822
30.4163322723
30.4595438818
30.4905942067
30.5006377282
30.516939391
30.5567952299
30.5627355372
30.5937968503
30.6071053055
30.635458118
30.6708268617
30.6838247997
30.7093133456
30.7322944308
30.7540114728
30.7981750661
30.8115722604
30.8359049213
30.8603550015
30.8920853202
30.9143927128
30.9181155797
30.9497364689
30.9860432418
31.0186634159
31.0146555218
31.0637059464
31.0678778673
31.095538489
31.1135983697
31.1384438462
31.1700428329
31.1853724457
31.2011852279
31.2485939195
31.2535907514
31.2937704888
31.3040640254
31.3196736467
31.3763136524
31.3663138854
31.3977534359
31.4151991012
31.4459713795
31.4815275134
31.5006383942
31.5107180503
31.539255303
31.5714246918
31.5900505225
31.6107468363
31.6463669607
31.672830232
31.6848133431
31.7160047502
31.72305519
31.767169164
31.8042678041
31.8014965959
31.8237847788
31.8566570686
31.875823965
31.8947235096
31.9303297457
31.9387872542
31.9845415542
32.0067764959
32.0079807342
32.031632416
32.0512179791
32.0921286609
32.1209943266
32.1343672028
32.1773969783
32.1831744952
32.2086162995
32.2228614083
32.2542890613
32.2833903793
32.3032913824
32.3305037099
32.3390469066
32.3723624076
32.4105384837
32.420226595
32.4558174101
32.4545530433
32.5077570827
32.5068868625
32.5452260807
32.5581933645
32.5875662046
32.6042741755
32.6354676314
32.6478798713
32.6883423548
32.6989181532
32.7146210267
32.7287764171
32.770900907
32.7972607882
32.8245364662
32.8424062529
32.8383713012
32.8958342965
32.9271138975
32.9540748289
32.9743998
33.0002739012
32.9966790083
33.017763044
33.0550705819
33.075282074
33.0945796099
33.1216839299
33.164333028
33.1760693314
33.1847298052
33.2254420787
33.2309140685
33.2628767093
33.2863989648
33.3029701696
33.3452635793
33.358807947
33.3748922936
33.3963166581
33.4393683006
33.4527370577
33.4788095138
33.4853361938
33.5196830089
33.5263912919
33.5556412272
33.5934927087
33.6049689444
33.6515006671
33.656940788
33.6728664853
33.7084237443
33.7143861368
33.7479202031
33.7712217929
33.7959585837
33.8309619362
33.8301287902
33.8697202813
33.8858385259
33.9203196825
33.9260201145
33.9580672475
33.9697910378
34.0123423572
34.0220528715
34.0541394947
34.0800651218
34.0988028728
34.1352614463
34.1455915924
34.1487069171
34.1937649759
34.2069523738
34.2397071795
34.265223294
34.2840012756
34.3270075658
34.309835002
34.3600188534
34.3599263977
34.3983642789
34.4099847736
34.443189895
34.4641620431
34.489218741
34.5287309382
34.5413947481
34.5667344582
34.5888256246
34.6150861759
34.6491399348
34.6576103179
34.6784260181
34.6994823461
34.6994115203
34.7525333917
34.7750835366
34.7852981465
34.7925066801
34.8380195821
34.8620980217
34.8917928134
34.9023495286
34.920561207
34.9364337396
34.9703897721
34.9843881667
35.0290726749
35.0570444028
35.0723829926
35.088228687
35.1188062246
35.1358232859
35.1613995672
35.177820585
35.2285651108
35.2300344935
35.2521982648
35.277259973
35.285054988
35.3150133698
35.3414293982
35.3760820228
35.3984922714
35.409494203
35.4389840648
35.4647889349
35.4920733417
35.5100881517
35.5441949605
35.5390991143
35.5704648975
35.5823710588
35.631342201
35.6516221348
35.6436271715
35.6872768578
35.7206383876
35.7316408544
35.7551104062
35.7760007859
35.8125147276
35.8458764012
35.8366374374
35.8812770797
35.9082633797
35.9018563041
35.9439339415
35.9704609702
35.9882759304
36.0067333989
36.0235376409
36.0644129756
36.0743175872
36.0985845818
36.1168659393
36.136833264
36.146222979
36.1838463673
36.2009022408
36.2167678896
36.2644739555
36.3050265102
36.3175747548
36.3322780415
36.3608221227
36.3748693731
36.3771738204
36.4100609279
36.4391119835
36.4752270426
36.5005721064
36.5202139753
36.529699747
36.5482336245
36.5713906768
36.6026460073
36.6224832803
36.6407025768
36.6560654908
36.6812587796
36.7161508552
36.7455636487
36.730373396
36.7900802597
36.8068873875
36.8211948405
36.8446843817
36.8659033607
36.9096323914
36.9145222417
36.9232034773
36.9636230285
36.9837416233
37.0098344765
37.0567437716
37.0457676209
37.0933956556
37.1136217383
37.1233720574
37.1442872847
37.1700689962
37.1880321644
37.21955808
37.2460126522
37.2523983668
37.2907356637
37.2924521936
37.317157861
37.3383579969
37.3661350885
37.3989431426
37.4158878178
37.4382988684
37.4481958304
37.4856928928
37.5034219281
37.5130245495
37.5617123242
37.5560218653
37.6083350033
37.599393409
37.6270931144
37.6434763041
37.6779985614
37.7096719613
37.7377308239
37.7322608193
37.7709272423
37.7950610274
37.812229758
37.8475919744
37.8633635677
37.8928528168
37.8816347907
37.9415327895
37.9579733862
37.9823597994
37.9952804329
38.0070023096
38.0486622711
38.0536448012
38.0702832458
38.0937779349
38.135205698
38.145547846
38.1858471679
38.1996720903
38.203972104
38.2351628456
38.2643288465
38.2817402138
38.3159496884
38.3388322145
38.3555411586
38.3855704041
38.3999765843
38.4072648653
38.4505806361
38.4751220677
38.4876985035
38.5114661157
38.5245689978
38.5599113907
38.5688892767
38.5839593164
38.6299067887
38.643143388
38.6644798243
38.6734626335
38.7182271985
38.7314835413
38.7468612112
38.7613811908
38.7962592048
38.8321220915
38.8391952486
38.857718257
38.8921395971
38.9087730256
38.9283840235
38.9318952469
38.9925370997
38.9880356446
39.0051409189
39.0497514244
39.083723553
39.0959456034
39.1201682358
39.133844302
39.1612025738
39.1751265361
39.2046114608
39.2242659891
39.2362730794
39.2805774458
39.2720756621
39.3051694852
39.3362900448
39.3613499292
39.3833237712
39.4204687952
39.4467040271
39.454807059
39.456439791
39.4869139195
39.5154766585
39.5509045728
39.5630003907
39.5738551537
39.6014806407
39.6212540796
39.6386757397
39.6609261636
39.6794339414
39.7095475363
39.7286170623
39.7598766057
39.7790088156
39.8109391803
39.8195760215
39.8338716126
39.8720905687
39.8915961524
39.9109765145
39.933615988
39.9656827359
39.9697562831
39.995650459
40.0246244573
40.0482738225
40.0602085282
40.0723786732
40.1242028605
40.1306290298
40.1465514624
40.1976236999
40.187349142
40.214950956
40.2301591842
40.2349992086
40.2875725606
40.3131293102
40.323782498
40.357497699
40.3610101607
40.4105352132
40.4093213182
40.4313444724
40.4380701392
40.4749158082
40.482299163
40.5304806787
40.5575581725
40.5484797089
40.6053402833
40.6301743396
40.6296530985
40.6603495719
40.6748502673
40.7036893785
40.7025340319
40.7485163756
40.7655455698
40.7871769296
40.8009651574
40.8240864314
40.8528471548
40.8828621059
40.8780384972
40.9123161591
40.9287012971
40.9486333719
40.9728305607
40.9850422682
41.0259167281
41.0468633287
41.0568211026
41.0820933346
41.1025581963
41.1224193361
41.1638231127
41.1645005092
41.1861743908
41.2203946706
41.2431014257
41.2448495339
41.2977589722
41.3036067158
41.3288598466
41.3628579509
41.38146917
41.3981205766
41.4125881707
41.4473610783
41.4644788231
41.4876525093
41.4884463294
41.5151804648
41.559721457
41.5623084466
41.6026230995
41.612041002
41.6287942598
41.6688168698
41.6759499847
41.7090894876
41.727859415
41.7438066478
41.7556764808
41.7755383955
41.794407026
41.8273539313
41.8419366589
41.8714210001
41.8818427152
41.9361674336
41.9229141025
41.947418534
41.9758400083
42.00102495
42.0191827196
42.0319602321
42.0548543013
42.0913763663
42.1061186463
42.1204125398
42.1416222105
42.1724607097
42.1919899352
42.2147943788
42.2322219182
42.2546893203
42.2844376428
42.3090083441
42.3551333985
42.3595206037
42.3680773066
42.394478042
42.4142833399
42.4226410237
42.4508543486
42.4681623985
42.4916973767
42.5321579086
42.5401930688
42.5699063376
42.5810450037
42.5938330922
42.6270122673
42.6453877956
42.674904874
42.6823947152
42.7220448225
42.733025599
42.7383805641
42.7720141674
42.7933277391
42.8211337814
42.8457911492
42.8521793567
42.8917950545
42.9126494216
42.9094162482
42.9375801385
42.9826742278
42.989449002
43.0245922353
43.0255487338
43.0449347152
43.0720061975
43.0792609403
43.1173687369
43.1373506922
43.1476864984
43.1710834589
43.1975255038
43.2263476724
43.2413415221
43.2595480017
43.3006344373
43.3064078931
43.3468290472
43.3685681667
43.3775168938
43.395011799
43.414848891
43.4365189129
43.4810725348
43.4616126701
43.4958258929
43.5157146206
43.5332622758
43.5766097717
43.5895918961
43.6023445773
43.6221116611
43.644835268
43.6914319886
43.699231286
43.7119314396
43.7296414841
43.7532911068
43.7889079703
43.7876452894
43.8236349043
43.8350668231
43.8541628482
43.8782530568
43.9094704497
43.9067322032
43.9320633579
43.9734437926
43.9870593976
44.0354190379
44.0473226376
44.0678029779
44.0663869449
44.0766564367
44.1123826111
44.1316035682
44.1671496487
44.164607499
44.2027533453
44.2198589891
44.2579731577
44.2735287387
44.281360133
44.3016261507
44.3405312979
44.3709751309
44.3895685275
44.3881974277
44.4121259376
44.4154804206
44.4524878594
44.4661519384
44.5032131197
44.51685032
44.5473343982
44.5692406896
44.5676111519
44.5872847583
44.619353854
44.6504271864
44.670845493
44.7029221338
44.7113143967
44.7224865134
44.7602723765
44.7767186016
44.7956894999
44.8182738969
44.8307414881
44.8436765616
44.8812569627
44.9031244912
44.9159785061
44.9626055126
44.9771194661
44.9946016373
44.9926786772
45.0157989456
45.0519233306
45.0494936835
45.0990736095
45.1283154536
45.109871766
45.1652636714
45.186323201
45.1984942633
45.2072728479
45.2444714866
45.2488727942
45.2757265234
45.2993872417
45.3052763916
45.346383868
45.3524012484
45.3847014144
45.3824991473
45.4263805065
45.4694236724
45.4499428319
45.489266773
45.5072827616
45.5274141145
45.5300058003
45.5651178868
45.6129254827
45.5929790368
45.6317833929
45.665788975
45.6674606657
45.6763872508
45.6974671358
45.74573327
45.7505606524
45.7759551672
45.7904111607
45.8122186334
45.843110893
45.8614985198
45.8890336595
45.8972117826
45.9153309781
45.9473001844
45.9740261504
45.9869002321
46.0037314335
46.0034613669
46.0508613899
46.0793110651
46.0869901832
46.1112022272
46.1267766048
46.1619234186
46.1579791772
46.2148212379
46.2110580957
46.2307602746
46.243378401
46.2753006938
46.2956918843
46.3114038752
46.3249393996
46.358243767
46.3856560507
46.3848390764
46.4036719744
46.4273283595
46.4660175768
46.4805330222
46.5062094093
46.5299948597
46.5554858926
46.5749884478
46.5773718166
46.6089193301
46.6193522982
46.6529656872
46.6741711036
46.6805423194
46.7216120226
46.7245941134
46.7683891479
46.7654463384
46.7954679322
46.8169770999
46.8446538298
46.8638858272
46.8874762879
46.896393096
46.9222844605
46.9217411011
46.9513432759
46.9820667383
46.9871913471
47.0169661792
47.0423143901
47.050364009
47.0688201448
47.1138937333
47.1354930808
47.1332803954
47.1720093046
47.177461872
47.1969402222
47.2294790899
47.2439663176
47.2548604938
47.2948776275
47.3217517623
47.3453177548
47.3281793539
47.3738803264
47.3953292333
47.4148142304
47.4374178586
47.4467473808
47.4770228166
47.4931228389
47.5141061901
47.5191743951
47.5550353933
47.5628561103
47.584166609
47.614227132
47.646545567
47.6487960561
47.6597148571
47.7198862639
47.7089945582
47.7273010479
47.7766734072
47.7803834841
47.799146739
47.8231352795
47.8383244897
47.8511555057
47.886430399
47.8991575308
47.9105270374
47.9548833863
47.9609166429
47.9923533742
48.0026722249
48.0237132986
48.0368913323
48.0675074932
48.0983043975
48.1099020571
48.1447321516
48.1434862108
48.1446592768
48.1841625006
48.2321583248
48.2331877055
48.2703819941
48.2624307174
48.2947869037
48.3146581005
48.3278759163
48.339913798
48.379474948
48.3818601982
48.4161430908
48.4099359662
48.4695763922
48.4662353749
48.4856428703
48.5268702483
48.5385878194
48.5407886173
48.5810484979
48.5686142331
48.6130415314
48.6183663682
48.65351255
48.6804481811
48.6986624174
48.7324098952
48.7426652448
48.7590898797
48.7695191032
48.8135756909
48.8206247214
48.8470428045
48.8564511309
48.8852314554
48.9009295488
48.9342369376
48.9338197455
48.9511404767
48.9882777872
48.9923672952
49.0078836502
49.0519321027
49.0645772521
49.0827812973
49.0988549392
49.1192943169
49.1142828527
49.165679975
49.1774153669
49.2059586793
49.2078307118
49.2474355642
49.2706428072
49.2938559337
49.2912782064
49.3165860501
49.3405883677
49.3595960223
49.3716446087
49.4215207635
49.4275291712
49.4313279278
49.4614632037
49.4768986404
49.4961259956
49.5309819208
49.5417053532
49.5611687598
49.5739099083
49.5969993664
49.6411110276
49.6505237316
49.6688714772
49.7006037412
49.7144793219
49.7266247498
49.7415699596
49.7617523224
49.7785708572
49.7976171494
49.8214111416
49.8372485513
49.8733795029
49.8858910194
49.8962033407
49.9173817524
49.9549695045
49.9544915113
49.967034579
50.0124121526
50.0367670279
50.0312278653
50.0517816037
50.0912895987
50.0904778375
50.1353504393
50.1423794477
50.1732081743
50.1901975771
50.2010687606
50.2155595445
50.2312163427
50.2639354847
50.2937646503
50.3028467591
50.3232373641
50.3362349472
50.3493066114
50.3741270899
50.4019064878
50.4209203672
50.4276100713
50.4665201451
50.4714597683
50.5065867633
50.5295714319
50.5392484162
50.5628614293
50.5682460879
50.5856720892
50.6118861052
50.6480604526
50.6691603799
50.6724619542
50.7309393614
50.7281812792
50.737249318
50.7505605218
50.7855292632
50.8011770287
50.832243963
50.8584895926
50.8488340549
50.8752059086
50.9206932318
50.9167320295
50.9339001997
50.9727161348
50.9772611816
50.9966663111
51.0139264697
51.0276084025
51.0597877242
51.0788331979
51.0867836355
51.1132218374
51.1275441696
51.1435313099
51.1738723918
51.1942722759
51.2233360596
51.2273084542
51.2503774439
51.2587049124
51.2982124624
51.3191908329
51.3161079059
51.3548305594
51.34406365
51.3898815541
51.4253796037
51.4514016611
51.4528532288
51.4734858919
51.4860317709
51.5008811129
51.5289311718
51.5599291677
51.5824431346
51.6047960598
51.6098091506
51.6266449778
51.6422743279
51.6674849776
51.6624941723
51.7092823433
51.7144611583
51.7449935011
51.7593928581
51.7758528457
51.8007628489
51.8209288172
51.8408313804
51.8720203488
51.8996868302
51.9208025356
51.9355317553
51.9609973221
51.9472018069
51.9881733599
51.9886284852
52.0234210862
52.0446207761
52.0586275705
52.0723909289
52.104468904
52.1147938563
52.1300853552
52.1630689708
52.1898867013
52.1945154931
52.2328257236
52.231968695
52.2495797001
52.2804476291
52.2892154224
52.3220534757
52.3296393028
52.3696410799
52.3744275937
52.3979653441
52.3948945145
52.4367859011
52.4477106966
52.4485862674
52.5036302501
52.5085136619
52.5437914401
52.567234823
52.5445894265
52.5979269149
52.6163990091
52.6108015974
52.6646865075
52.6756537685
52.6959542566
52.7028374029
52.7445669572
52.7504811292
52.7511996168
52.7974701211
52.8128552106
52.8322894192
52.8465740399
52.8636618085
52.8906425379
52.9057269187
52.922546838
52.9332240916
52.9564762176
52.9801386597
53.0079616424
53.0140533678
53.0277692896
53.0380947207
53.0587403832
53.1046458403
53.1121571469
53.1306845628
53.1561220688
53.1648132312
53.2062458164
53.1946887832
53.2172043492
53.2489599429
53.2497528493
53.2890985662
53.302761716
53.324907086
53.3434815081
53.3660051933
53.3701717241
53.4142611244
53.4244563819
53.4531619699
53.4615734433
53.4926381494
53.5086738538
53.5170362864
53.531106162
53.5613086173
53.5874143985
53.5869520807
53.6277764767
53.6394522818
53.6573067711
53.677503
53.7055966611
53.7118656068
53.7336526967
53.7522263877
53.7532373129
53.7923296261
53.8034005741
53.8471006049
53.848707299
53.8594317499
53.8754245394
53.9174725802
53.9365312601
53.9343377709
53.9497652919
53.9734502806
53.994424108
54.0181147189
54.0377662242
54.0474762495
54.0731094496
54.0947443191
54.1064926093
54.1431731168
54.1635901456
54.1825399944
54.1994223522
54.2072343292
54.2344782524
54.2468031087
54.2727813368
54.2855901027
54.3008680524
54.3248406487
54.3456554779
54.3740603959
54.3906798865
54.402201678
54.4169763715
54.4299742312
54.4750037847
54.4960593497
54.5085272742
54.5242717843
54.5325503576
54.5501796102
54.5844995052
54.5932224215
54.6220082388
54.6296391703
54.6418598171
54.6750405297
54.6925780261
54.7230009167
54.7242156315
54.7409802103
54.7626196097
54.7786564338
54.8188365075
54.8403410273
54.840547443
54.8755388191
54.871374404
54.8895045234
54.9372054753
54.9386945158
54.958047531
54.9722540715
55.0012970773
55.0360224966
55.029453308
55.0575907914
55.0705335709
55.0897268481
55.101012948
55.1358159493
55.1413324704
55.1658049236
55.178543793
55.2088156574
55.2145931848
55.2352953499
55.266968669
55.2887580622
55.3037238967
55.3115075309
55.3282520729
55.3627083917
55.3678908549
55.391334377
55.4254229846
55.4406778363
55.4464818853
55.4777247462
55.4908351121
55.5024029463
55.5346408807
55.5299497398
55.5617280565
55.5852933841
55.6336057709
55.6304642922
55.6322454579
55.6535544423
55.6529813079
55.6976985489
55.686320066
55.7271959674
55.7527738224
55.7610794036
55.7836629984
55.8133852573
55.8250559279
55.8205297779
55.8580263624
55.8820933109
55.9183729881
55.9126657897
55.9331468228
55.9810900676
55.9770132241
55.993011406
56.0119326128
56.0402905101
56.048879933
56.077187657
56.0946914258
56.1146334341
56.1413571738
56.1495042696
56.1688398821
56.1584123296
56.1936665475
56.2256143132
56.2504521461
56.2685122953
56.2743023934
56.2881359491
56.3190744779
56.3318262404
56.3652745588
56.3650616795
56.4016286388
56.3999175378
56.4389824083
56.4443728652
56.4636617694
56.4918271214
56.4826639534
56.5268583758
56.5476486922
56.5635697509
56.56691504
56.5926896503
56.6302586421
56.6375652374
56.6586029388
56.6686747717
56.6818447462
56.7122603228
56.7193208894
56.7530718005
56.774494292
56.8054917998
56.799376297
56.8233107975
56.8324990593
56.8587830001
56.8726724191
56.9117459861
56.889918258
56.9288586664
56.9506375039
56.9886494358
56.9863552385
57.0117382501
57.0175508964
57.0350792337
57.062560376
57.0813756827
57.1020794237
57.1245472936
57.1310142745
57.1515866922
57.1892464575
57.1926883721
57.2064182485
57.2138122328
57.2333430635
57.2619685571
57.2828737767
57.2937398221
57.3153995884
57.3346193751
57.3734193693
57.3664418747
57.4015892447
57.4269330473
57.4345815962
57.4519475401
57.4788804386
57.497798524
57.5252392919
57.5313355121
57.5313444626
57.5612337061
57.5985477982
57.60416856
57.6352882682
57.6295278223
57.6809935869
57.6705443338
57.6965650634
57.7086468033
57.733576545
57.7377937119
57.7672977787
57.7735986095
57.8020636666
57.8153502881
57.8306878354
57.8425431183
57.8656577554
57.8879120271
57.8987098915
57.9297166696
57.9422499544
57.969298691
57.989967672
57.9991899907
58.0279371251
58.0379572484
58.0659294434
58.0877293759
58.0910599276
58.1359061897
58.1461830619
58.150313444
58.1843596734
58.1849997028
58.2049579582
58.2305011248
58.2469724722
58.2572495034
58.2813915738
58.2842417036
58.3111148232
58.3240242734
58.3492832597
58.3608365086
58.3896881781
58.4044803837
58.4217508171
58.4435246549
58.4522021538
58.4791977404
58.5052966312
58.5187468017
58.5311887212
58.5543636924
58.5783761445
58.5752012472
58.5979215444
58.6397814326
58.6512014728
58.6626054769
58.6959989433
58.6914909778
58.7139862754
58.7464713681
58.752098497
58.7806890947
58.8082590526
58.8210784352
58.832707237
58.85115481
58.8832006167
58.8971087738
58.9117158371
58.9023705121
58.9468831897
58.9555439166
58.9595201776
58.972973833
59.0313003893
59.028891534
59.045843512
59.0452370325
59.0872249245
59.1084683258
59.1135924044
59.1332365892
59.1529746807
59.1615458545
59.1843586434
59.212890739
59.2406570227
59.2477121569
59.2616886161
59.2749922369
59.2961149823
59.3163391843
59.33350146
59.3485410432
59.3763934936
59.4079628425
59.3987417681
59.4279420276
59.4363542734
59.4611769904
59.4829169876
59.4809248868
59.5207655331
59.5323290648
59.5563724842
59.5439053087
59.5984348458
59.6153006376
59.6436241336
59.6651419237
59.6780517235
59.6861094541
59.7237129296
59.7211076246
59.7397737263
59.7448618151
59.7694172395
59.8011100358
59.8203979603
59.8204315789
59.8380566364
59.8588630472
59.8946294669
59.8823893718
59.9036392467
59.9182106786
59.9543557275
59.939691438
59.9754270359
60.0076304816
60.0218215762
60.0685797094
60.0462321446
60.0640979503
60.0857601026
60.1125880866
60.1418365265
60.1687792521
60.1630301803
60.1842755375
60.2044306308
60.2369928466
60.2357041111
60.2646795058
60.2710055098
60.2958237691
60.2932889669
60.3431409714
60.3574744742
60.3667165779
60.3903621345
60.4067775824
60.4242920292
60.4310039527
60.4520516543
60.4900285032
60.4955808313
60.5174372277
60.5148400081
60.5533732398
60.5501457688
60.5820144339
60.6003813877
60.6084951062
60.6516327189
60.6458064957
60.6620276917
60.6749334613
60.7042377591
60.7378382089
60.7422750762
60.7632548243
60.7731051707
60.8018744311
60.8280896814
60.8349747741
60.8511848374
60.859185075
60.8903346715
60.871447252
60.9133731859
60.9350015773
60.9496514261
60.9780350324
60.9918049355
61.0100266362
61.0181132321
61.0462030133
61.0673376871
61.0804052525
61.0914726797
61.1152874015
61.1259493772
61.1614378804
61.1562954611
61.1716281985
61.2105404552
61.2031062193
61.238709748
61.2425310306
61.2829156742
61.2864791039
61.3053975934
61.3330730918
61.3546935898
61.3589330121
61.3818337331
61.3973641852
61.4097782008
61.4334822592
61.4567607679
61.4705858016
61.4918275359
61.4980136583
61.5179054973
61.5461319121
61.5593111615
61.588299914
61.5969527173
61.6297999169
61.6354862351
61.6393820619
61.6414051429
61.6867081827
61.6982680623
61.7282980049
61.7232267119
61.7641731404
61.7499244908
61.7903738824
61.8087858623
61.8320428691
61.8264050393
61.862794235
61.8812618742
61.8987279627
61.8884195737
61.9229706863
61.9512377348
61.9482796138
61.9799752011
61.9915245507
62.01106378
62.0376908045
62.0481723458
62.0640769104
62.0867250251
62.1209444571
62.1088288883
62.1418149058
62.151495133
62.1608387525
62.1838046551
62.2175412881
62.2267016868
62.2368843184
62.2739770972
62.2772686243
62.3111232312
62.326188385
62.3408966137
62.3660497697
62.3746069911
62.3793218903
62.3947041277
62.4194555787
62.4514877383
62.4556609641
62.4741564407
62.4751352095
62.4950186613
62.5238215453
62.5533972193
62.562699873
62.5828023569
62.5927780168
62.6199696102
62.6196876738
62.6543268253
62.6665709714
62.6952181773
62.7013713488
62.7136844398
62.7289035919
62.7543268467
62.7474953923
62.7780093494
62.8039761911
62.8235864228
62.8313886655
62.8668787633
62.8816202191
62.8904227436
62.8886761259
62.9141263109
62.9400161142
62.9733232818
62.9815046989
62.9948528473
63.0014375072
63.0416458569
63.0586136461
63.0616314214
63.1134549876
63.0952979758
63.1167072477
63.1164906571
63.1838821365
63.1691154184
63.1973711382
63.2102698158
63.222983148
63.247933334
63.2486641828
63.256996851
63.2983634946
63.3142036879
63.3046173515
63.340185457
63.3583899895
63.3647250602
63.4048303878
63.4170844125
63.4212503282
63.4504102986
63.4587500868
63.4907968212
63.5090251135
63.5213422328
63.5435088305
63.5666150919
63.5569368807
63.5837516957
63.5903263818
63.6373706579
63.623664925
63.665481772
63.6805251113
63.6884853022
63.6941502006
63.720423234
63.7387808848
63.7783659946
63.7658506902
63.7975717489
63.8045763484
63.8429890021
63.8390928054
63.8671173921
63.8829123293
63.9094130536
63.9046300305
63.9279252204
63.9673826071
63.9603910497
63.9659905599
63.9953140931
64.0301183327
64.0288146787
64.06524599
64.0681287003
64.0927031912
64.0913888374
64.1246462543
64.1329335002
64.1501635851
64.1672957528
64.1849131854
64.1861370173
64.2152013312
64.2513593786
64.260067028
64.275123749
64.3014209809
64.3047033558
64.3389646066
64.3413492392
64.3558359199
64.376234281
64.3942464301
64.4007981929
64.4162092179
64.4404363624
64.4754617012
64.4861959657
64.523004839
64.5218278017
64.5535334526
64.5482645378
64.5887162695
64.561256911
64.5830817619
64.6117045604
64.6324004549
64.6490607419
64.669301342
64.6855119469
64.69566054
64.7200893477
64.7317345174
64.7510594972
64.776290419
64.7808450247
64.8130228554
64.8498370333
64.8385511639
64.8417216534
64.8715379797
64.9006148431
64.916323951
64.9332921623
64.9439198022
64.9713321339
64.9810770343
64.9929582274
65.0098645636
65.0306778646
65.044278575
65.0753208188
65.0854807114
65.0895681672
65.0926493762
65.1164590538
65.1568006796
65.1618483675
65.1813093765
65.2159483352
65.2141217773
65.2278822093
65.2528671948
65.2419632905
65.2776773327
65.3190475993
65.3057364881
65.3402508864
65.3635518469
65.3693888777
65.3789313322
65.4005453966
65.4235797773
65.4344583742
65.4544299102
65.4695566884
65.5172377183
65.5240940785
65.5139537712
65.556714094
65.547793982
65.5499126106
65.5753382257
65.6014025098
65.6228839693
65.6482367512
65.6400218974
65.6657447506
65.6838863732
65.7111622988
65.7346414726
65.7367128442
65.7560749852
65.744279248
65.7871831729
65.793933006
65.8108777942
65.8411661936
65.8447920064
65.8751127378
65.8931118169
65.8976265535
65.9359806196
65.9331263545
65.9468806216
65.9648219598
66.0165054989
66.0172396009
66.0093136341
66.0440182833
66.0676347757
66.0816040938
66.1005742731
66.0989674806
66.1248063863
66.1439973013
66.161826069
66.1650116492
66.1849988961
66.2061162091
66.2307732313
66.2382382994
66.258063605
66.2785309563
66.2908790975
66.3041830818
66.3176036415
66.3580552785
66.360326687
66.3648327429
66.4031043855
66.4091768315
66.4248330776
66.4574542129
66.4551352286
66.4807183143
66.4896767861
66.4942372426
66.5260538354
66.550906853
66.5454793079
66.5686482805
66.5894404286
66.6091601097
66.6154210703
66.6341024768
66.6699158093
66.6838913843
66.7011346117
66.6860432412
66.72024012
66.7404218528
66.7471093563
66.774148275
66.7803701172
66.8129253363
66.8188348084
66.8348019403
66.8592333384
66.8743790334
66.9061948908
66.9132236703
66.9319481417
66.9244863916
66.9548056724
66.9776114083
67.0078280151
67.0199914207
67.0339060461
67.0552636855
67.0488568837
67.0692652734
67.0829670682
67.1131945061
67.1018750925
67.1261834677
67.1548826235
67.2003148869
67.1880985795
67.2102018339
67.2307034586
67.2520422033
67.2395162723
67.2892680918
67.2707175231
67.3274625093
67.3324917041
67.3541029426
67.3582235537
67.3571996708
67.3716368769
67.4151489077
67.4209681727
67.4359103847
67.452293637
67.4634956356
67.5078458164
67.4997265467
67.5353767457
67.5529009711
67.5553345128
67.5488123796
67.5915548064
67.5908858284
67.6128268663
67.6511171266
67.6457162289
67.6626213197
67.6651090725
67.6887873769
67.7216184398
67.7301626708
67.7478556195
67.765410788
67.7869662634
67.8223318499
67.8283342149
67.8228996831
67.8681564974
67.8841332927
67.8974459489
67.8898391315
67.9305276785
67.9352341172
67.9467812389
67.979945543
67.966086505
67.9919800107
68.0293440588
68.0248387709
68.0406004561
68.073766193
68.0855774727
68.0851513272
68.1094729617
68.1207817738
68.1516735623
68.1669873999
68.1594128097
68.2026263579
68.235226121
68.2275722863
68.2331269544
68.2496991048
68.2732705896
68.2866736393
68.3181980555
68.3509952908
68.3440875905
68.3676766806
68.3907607089
68.4039190217
68.4090742719
68.4287426635
68.4294051282
68.4454416182
68.4677486151
68.4934491488
68.5076716774
68.5294779372
68.5456658201
68.5656162903
68.5592511908
68.6089396256
68.5935745496
68.6133370118
68.6288250565
68.6528580297
68.6702517885
68.6804438433
68.7080513988
68.7156234166
68.7265112901
68.750365512
68.7735279629
68.7976740694
68.7929873077
68.8202401242
68.8286519237
68.8454300855
68.8647689423
68.8853244348
68.8816919154
68.8967891374
68.927218456
68.929280511
68.9681601312
68.9884624099
69.0217121205
69.0134461977
69.0209949799
69.0490177644
69.0572122754
69.0688642709
69.0924005076
69.0940945125
69.1241059821
69.1369910025
69.1580621876
69.1796749004
69.1920999676
69.1765601734
69.2161048099
69.2423033977
69.2718712252
69.2560009451
69.2707564757
69.3007488424
69.3305383373
69.3209262772
69.3395109327
69.3736610512
69.3836660775
69.4024259481
69.3969399231
69.4233847523
69.4332500779
69.4829646995
69.4868636856
69.4995353867
69.5226039321
69.5002995771
69.5293000936
69.5678680728
69.571193166
69.5970210685
69.6049398319
69.6340978878
69.643814516
69.6517054405
69.6705694405
69.6762322865
69.6950523722
69.7233804328
69.7445629527
69.7487517714
69.77723701
69.800658009
69.7951460342
69.8086905246
69.8407989852
69.8434811709
69.8470971564
69.8855775737
69.8796165283
69.9014409605
69.9291786629
69.9373209334
69.9650635123
69.9714998235
70.0006107897
69.9971987081
70.0096007154
70.0442604462
70.0765994351
70.076935712
70.0951915374
70.0955430901
70.1079089306
70.1267086501
70.1441491047
70.163958725
70.1785286944
70.2066928719
70.2191571259
70.2538571159
70.2357886168
70.2542238558
70.2801851583
70.3042820615
70.2986749195
70.3249810668
70.3350588836
70.3451018768
70.3641416976
70.3849438756
70.4168951677
70.4171864452
70.4335486967
70.4443081521
70.4699450518
70.4691841917
70.5048387057
70.5367672044
70.5414774464
70.5460427498
70.5576174923
70.5882013075
70.5977416919
70.6178964269
70.6403573929
70.6545095663
70.6568573616
70.6645545048
70.694037899
70.7048581242
70.709979829
70.7508267521
70.7577347223
70.7555524508
70.7813863446
70.8070549054
70.8174583136
70.8430716999
70.8548356136
70.8556468229
70.9040461277
70.8921696124
70.9156776209
70.9313538714
70.946251635
70.9553502971
70.9698807972
70.9866706025
71.0184934426
71.0142506576
71.0387807366
71.0428956612
71.0756277708
71.0686873033
71.099328679
71.1118754339
71.129597323
71.1434978346
71.1600094947
71.1962820151
71.1902912192
71.1915960865
71.2209775207
71.2551495506
71.2678090202
71.2794775801
71.3131187617
71.3181365584
71.3321970944
71.3472862982
71.3401016186
71.36502136
71.3889506314
71.4047653761
71.4157336795
71.4321770687
71.4478135782
71.4569067544
71.4659085607
71.4897381782
71.5148324329
71.5299690591
71.5555215706
71.5405773663
71.5820245266
71.6018208405
71.6023158662
71.6354903834
71.6447099535
71.6348442617
71.6786858315
71.6839736645
71.7122521242
71.7120851331
71.7390972457
71.7474004913
71.7546510666
71.7900761701
71.7972157552
71.8154041271
71.8370725342
71.824620748
71.8609747735
71.8882035027
71.8878679652
71.9174557364
71.920119106
71.9275751225
71.9491291731
71.9790766664
71.9988205671
71.9907143585
72.0124484143
72.0399318765
72.0478527458
72.0579633966
72.0817194348
72.0862843619
72.1084221008
72.1157193631
72.1282876998
72.1449056068
72.1504478102
72.1889954812
72.1981143052
72.2217642866
72.2246297699
72.252333388
72.255741236
72.2870292653
72.284780532
72.3063348244
72.2990056354
72.3540352841
72.3663669529
72.370693373
72.3879279421
72.4035992449
72.4266645113
72.4344509465
72.4333472507
72.4700491474
72.4769908245
72.501574769
72.4924767327
72.5339221
72.5530677857
72.5618933722
72.5610467068
72.5836585903
72.6319227462
72.6135220822
72.6143990799
72.634062752
72.6753101619
72.6775505059
72.7036969798
72.7146023712
72.7259660866
72.7611192417
72.7763802136
72.7716977328
72.784589294
72.8158289967
72.8269952288
72.8322992004
72.8609435545
72.8618703615
72.8745943187
72.9105725842
72.9038561594
72.9244697712
72.9393432118
72.9621189389
72.9787041554
73.0046849579
73.0084747724
73.0204970423
73.0243369663
73.0590462809
73.0841085871
73.088010568
73.0845349263
73.1277885988
73.1377693027
73.1289984059
73.1517236964
73.1725885762
73.1939267445
73.2184428009
73.2224818264
73.2190798188
73.2572345499
73.290684405
73.2846252871
73.3148441777
73.3229634855
73.3384278364
73.3295696129
73.3659486412
73.367892627
73.3929936308
73.399300634
73.4167399081
73.4094081797
73.4625309914
73.4672194523
73.4711078002
73.481401764
73.5144529894
73.5347008541
73.5507651352
73.56735354
73.5753032575
73.5946202606
73.5996225848
73.6242725828
73.6216089755
73.6476242416
73.6725668737
73.6803340548
73.6811404385
73.7088033141
73.7047269806
73.7310714507
73.7534955667
73.7728004532
73.7841603777
73.8050017754
73.8001669751
73.8339993444
73.8451765386
73.8593696033
73.8857404301
73.8750305212
73.9045228764
73.9114499246
73.9287635782
73.9530068315
73.9630730663
73.9948684382
74.0160827238
74.0088471677
74.0295206611
74.0267728446
74.0760466547
74.0815545529
74.0963310885
74.0971139003
74.1227318797
74.1402837963
74.1528957277
74.1661454398
74.1842104431
74.2089605479
74.2143770641
74.2369877922
74.2348101738
74.2637871816
74.2722919098
74.2728988548
74.2841808014
74.3151709052
74.3301201685
74.3588697928
74.3567594334
74.3904504939
74.3799782106
74.4168901386
74.4214042113
74.4328093704
74.4711463245
74.4707906764
74.468071248
74.4884664326
74.5091807652
74.535248552
74.5157959819
74.5477818074
74.5674292894
74.5971552957
74.5999392098
74.6066514994
74.6423268991
74.652895149
74.6608028792
74.6736794808
74.7080973289
74.7082553022
74.7145397361
74.7417375347
74.7553259577
74.7604471528
74.7988498635
74.8008612357
74.8044401601
74.8310013795
74.8267882637
74.8569613284
74.8762261576
74.904602057
74.9150517163
74.9144013704
74.9373622947
74.9350856981
74.954960441
74.964275573
74.999872098
75.0018734033
75.0280906905
75.0535184486
75.0747830438
75.0636641099
75.1058781391
75.0963765028
75.1144211149
75.1140769413
75.1361693166
75.1668169839
75.1843091239
75.17545605
75.2018242099
75.226783847
75.2312099446
75.255653611
75.2580488842
75.2798335783
75.2920056369
75.3080323436
75.3438081476
75.3545474643
75.3460168303
75.3688541449
75.3984698061
75.3890647974
75.4156568383
75.4252505747
75.438550185
75.4536657029
75.4755189806
75.4866201215
75.4974249033
75.5247229802
75.5491578074
75.5692297447
75.5673808273
75.5777087919
75.5906462361
75.6055986937
75.6235070185
75.6264122534
75.6600438175
75.6642053984
75.6677734618
75.6955966685
75.7027142594
75.7078261819
75.736950287
75.7457082698
75.7657103893
75.7988524018
75.7901296219
75.7995153303
75.8198442153
75.8517883353
75.8428524888
75.85590018
75.9133159071
75.913795977
75.921616936
75.9382577274
75.9651506022
75.9681233036
75.9817932857
76.0144362902
76.0039583764
76.0125078059
76.0365867251
76.0394367585
76.0772306435
76.0857498446
76.1117509816
76.1100611265
76.1339118224
76.1476331497
76.1704847779
76.1787009309
76.1971869533
76.1974479711
76.227779955
76.2270584323
76.2386158119
76.2545248291
76.2690524384
76.2861114757
76.2925107989
76.3132050499
76.3302200116
76.3517809281
76.3790173617
76.3782689422
76.3888606779
76.4015863687
76.4121422339
76.429326134
76.4521761555
76.4869503843
76.5150345011
76.4894399361
76.5180088794
76.5178301909
76.5579599222
76.5542838932
76.572551395
76.5976223388
76.6062151062
76.6089995075
76.6283760834
76.6458144368
76.6537038843
76.6739535449
76.6708305095
76.6931977547
76.7100048172
76.7350683929
76.7378282371
76.7620265408
76.7655737054
76.7768853868
76.7981643317
76.8112255171
76.8209565798
76.8485226932
76.8764242916
76.887822075
76.9121223594
76.9018590103
76.9169578325
76.9562821965
76.9450169244
76.9610992074
76.9792654149
77.0148655589
77.0125646809
77.0135322353
77.0120261519
77.0516475073
77.0711155527
77.0787872909
77.0939309062
77.1069490863
77.1144683448
77.1515936112
77.1639601468
77.1536559781
77.1850037089
77.191942562
77.2143602587
77.2329615775
77.2538344005
77.2514177973
77.2760709239
77.2837349699
77.298119122
77.3171676581
77.3360297562
77.3520508573
77.3514129881
77.3718803922
77.3991508988
77.4109244894
77.4152604258
77.4408217408
77.4466524856
77.4655286618
77.485364983
77.4896903072
77.5191845895
77.5240725434
77.5415214586
77.5493365849
77.5620431731
77.5807115031
77.5847250289
77.5980581015
77.610156313
77.6067224337
77.6501533643
77.6638213394
77.6852361531
77.6873451367
77.7123440884
77.7269650281
77.7417760234
77.7593233017
77.7607477772
77.7861562405
77.8033843522
77.8003421378
77.8249474499
77.8445521355
77.8689370186
77.8687859577
77.8931156814
77.8987393583
77.8957742959
77.9221510372
77.9512414225
77.9462529808
77.9805522919
77.9746096419
77.9839280386
77.9902279944
78.0282085394
78.0329252339
78.0599148872
78.0767324587
78.0956739165
78.0857391535
78.102913909
78.1219268486
78.1396048803
78.1485144207
78.1704538281
78.1891344875
78.1971399789
78.1896039968
78.2294508732
78.254811723
78.2473446125
78.2893717044
78.294851591
78.3023292393
78.3267734079
78.2942315384
78.3477284067
78.346699538
78.3785272574
78.3699848191
78.3879506406
78.4153917821
78.4449269968
78.443798985
78.4546651947
78.4625197024
78.4952496402
78.4999873718
78.519390605
78.5100432861
78.5362156149
78.5642143037
78.5625240452
78.5861559473
78.5890919178
78.6113351022
78.6354117669
78.6476350012
78.6690270976
78.674833974
78.6747797212
78.7026975312
78.6985041044
78.7335889538
78.733272769
78.7714773091
78.7637613503
78.7773499216
78.8046002
78.8306760814
78.8308742679
78.8309301857
78.8646584959
78.8628187455
78.8934704309
78.8869903571
78.9053701509
78.9162466351
78.9360399791
78.9526217041
78.9616570519
78.9804529
79.0033203284
79.0158477603
79.023868869
79.0429886852
79.0582613607
79.0519186017
79.0913775911
79.1037610503
79.1226724389
79.1270381977
79.1369159756
79.158170637
79.1600858802
79.1736914231
79.1855416751
79.2177733936
79.2088823212
79.2380020494
79.2343383193
79.2717277956
79.2761627803
79.2845313087
79.3200105058
79.3128692209
79.3385809933
79.3371969975
79.3582818287
79.3757356457
79.3929954765
79.4164835891
79.4405769713
79.4302868149
79.4438609886
79.4636768181
79.4938945201
79.4982159203
79.4916558189
79.5161531508
79.52416913
79.5489735432
79.5564221503
79.5764986928
79.5722064929
79.5893277139
79.6178369983
79.6282326213
79.6481090265
79.6547806374
79.6660810947
79.6750522199
79.7256677975
79.7257841285
79.7252621646
79.7475334552
79.7646542121
79.7837884019
79.7747164207
79.7979999385
79.811640102
79.8228474192
79.8413904078
79.8659813153
79.8816391291
79.8979602947
79.9101702267
79.8907680213
79.9262869493
79.933268252
79.9391954517
79.9639496145
79.979475536
80.0016338016
80.0092201542
80.0208630595
80.0205504142
80.0403763566
80.0623078082
80.0846589375
80.0708738697
80.0950838244
80.1209817784
80.132302805
80.1461453781
80.1569179403
80.1772258521
80.1797509436
80.1997756316
80.2139327952
80.2214470641
80.2597090636
80.2611141093
80.271631801
80.284907304
80.3130803602
80.3084740647
80.3252258051
80.3376977256
80.358656549
80.3670427996
80.3894599419
80.3993948726
80.4186138619
80.435060192
80.4336532458
80.4531731557
80.4858980986
80.4884320564
80.4911915475
80.5044673963
80.5284798905
80.5380426519
80.5420985095
80.5633455216
80.5929106589
80.5979860191
80.6135163613
80.6300105144
80.6388431173
80.6535294066
80.6674373467
80.6882185494
80.6909919374
80.7042128649
80.7199880153
80.7379858941
80.7503203785
80.7573790994
80.7769794546
80.8030902266
80.8036969591
80.8145750063
80.8335671833
80.8471283554
80.8614044497
80.8632423937
80.8754022581
80.8916389864
80.9093696473
80.919193409
80.9389374728
80.9703557667
80.9828088704
80.9938058336
81.0006619103
81.018005436
81.0154905214
81.0219389071
81.0663871693
81.0583746663
81.0781603221
81.1013588871
81.1130891457
81.127964841
81.1510540135
81.1397289281
81.1652084947
81.1941470532
81.1930330094
81.2217762372
81.219989657
81.2420613401
81.2388741666
81.2549658431
81.2799266139
81.2788985623
81.2843544681
81.2936816086
81.3293646281
81.3469325327
81.3517040796
81.3737120518
81.3866739871
81.3874816093
81.4070859375
81.4385769814
81.4454543809
81.4429929164
81.4614110712
81.4737913495
81.50742666
81.5196281072
81.5294828827
81.5418434059
81.5309554062
81.5623360265
81.5847868554
81.5958293459
81.5985317915
81.6181844749
81.6360582127
81.6453104995
81.6535762883
81.6650488097
81.6874368472
81.7045004952
81.7184228874
81.7092841266
81.7385917934
81.7440168728
81.7819269836
81.7789067725
81.7814967087
81.7997774576
81.8175099938
81.8348514691
81.8568641725
81.8576329912
81.8780837695
81.8933296266
81.8972201946
81.9199358445
81.9324050746
81.9472415288
81.9468795212
81.9738323557
81.9737291621
81.9948743273
82.0277772367
82.0260799183
82.0406377403
82.0688676124
82.0670047422
82.0749956023
82.0936717097
82.1211530519
82.1109469229
82.1230820817
82.1440882353
82.1608591364
82.1716806448
82.1853500044
82.2041570878
82.2081105201
82.2356223021
82.2328352694
82.2561075646
82.2602791579
82.2795118445
82.2879531199
82.3323382739
82.3267653967
82.3369753447
82.3541695452
82.3717138612
82.390686846
82.4004441467
82.4221847921
82.4229655695
82.4297584536
82.4355427634
82.4675369329
82.4734879246
82.4730973157
82.48324403
82.513908708
82.5342202176
82.5416302848
82.5461429027
82.5778183547
82.5825341015
82.5905030536
82.603847064
82.6286398287
82.6404168336
82.6470223143
82.653756428
82.6933734798
82.6767640573
82.6907703476
82.716782184
82.7112509369
82.7296567639
82.7441797316
82.7670615054
82.7733164472
82.7899418392
82.8047329234
82.8430313827
82.8332837101
82.8376019547
82.8678180021
82.8718756759
82.9026743594
82.9014890245
82.9130304925
82.9369461336
82.9310419993
82.9644901583
82.9519156538
82.9863304112
83.0093732288
83.0119391267
83.0223668046
83.044097591
83.0365608902
83.0647696885
83.0784899393
83.0830556379
83.0976234105
83.0973485084
83.1161606977
83.159147201
83.1623364424
83.1613688056
83.1868011601
83.1917575142
83.2118203503
83.2252849482
83.2517239431
83.2546928881
83.277418852
83.2766757415
83.2796239128
83.3211342882
83.3293034684
83.3366539615
83.3329639237
83.3407475639
83.3792726102
83.3797982809
83.4014836668
83.4043062761
83.4158339665
83.4393031956
83.4547139021
83.4697425121
83.4956666847
83.4939240404
83.4929447119
83.5220894846
83.5398407683
83.5371008403
83.5732188613
83.5651043344
83.5817258542
83.6061322756
83.6157810174
83.6298509823
83.6352513383
83.6581625808
83.6707292688
83.6637329059
83.6885505526
83.7050033655
83.7077093154
83.7093164911
83.7575712897
83.7551323356
83.7615703622
83.7812708037
83.8046842951
83.8047284006
83.827500573
83.8440354869
83.8667696415
83.858096958
83.8963689768
83.8829562503
83.9184751375
83.9135449382
83.9265461204
83.9453832549
83.9576655378
83.9627921271
83.9621296723
83.9829854785
83.9950967093
84.020370759
84.0356342369
84.0317464321
84.0541558528
84.0770528613
84.0746221747
84.1079855382
84.1206290585
84.1349949316
84.1418419118
84.1395052398
84.1577571887
84.182119808
84.1876153284
84.1977735129
84.2271122594
84.224907581
84.2406673811
84.2655904019
84.284714018
84.2658692064
84.295832019
84.2958273856
84.3196825517
84.336672584
84.3505171578
84.3718461892
84.3858334486
84.3946729036
84.4073306222
84.4271065122
84.4219472436
84.4606775622
84.4613100315
84.4687779836
84.4803653061
84.4913177656
84.51218491
84.5091395816
84.533300636
84.556011942
84.5437751358
84.5561681903
84.5749179368
84.5981045157
84.6137674413
84.6325139647
84.633484795
84.6332136274
84.6611806187
84.6720564079
84.6875594866
84.7004921182
84.7092957004
84.7255303972
84.7421932411
84.7472340959
84.782047064
84.7687739715
84.7950616857
84.7989988662
84.8280201579
84.8282039422
84.8312907754
84.8515467915
84.8738409
84.8754057344
84.8995297879
84.9265175116
84.9229688089
84.965653727
84.9559949551
84.9475306387
84.9850243771
85.0024759726
85.0033823931
85.0164472435
85.0277432297
85.0386650965
85.0422876188
85.067537238
85.0656590662
85.087889799
85.0981816225
85.0997925137
85.1408234974
85.1371748634
85.143721165
85.1662694462
85.1809438404
85.2041866421
85.1936708093
85.2130683216
85.2222187729
85.2488405261
85.2548488096
85.2743915541
85.2876253771
85.3008879104
85.3278290684
85.3361605804
85.3470335085
85.3442889485
85.3956377514
85.3790736842
85.4157114561
85.4116950923
85.4115058588
85.4320040064
85.4500270829
85.4737406617
85.4675914397
85.4900555369
85.4857007987
85.496671531
85.5248467198
85.5139965306
85.5440852274
85.5557695868
85.5830559235
85.5571084974
85.6068787594
85.6098202499
85.637682815
85.645703232
85.6512542323
85.6558910649
85.6863786159
85.6881385602
85.7014009171
85.7076019824
85.7369983433
85.7448285861
85.7557567962
85.7680317433
85.7848250153
85.7798058772
85.8027346651
85.8170508686
85.822950396
85.8296009445
85.8609234294
85.8607414107
85.9081299264
85.886034446
85.9168110328
85.94013372
85.9399275923
85.9280555114
85.9619506721
85.9759858875
85.9985637741
86.012534289
86.0185707315
86.0217326407
86.0346080452
86.0496379666
86.057390557
86.0792655714
86.0812743744
86.0928104876
86.0965238928
86.1390925399
86.1255282935
86.142821796
86.1678411255
86.1681451688
86.2037094514
86.1928071857
86.2048583626
86.246899879
86.2229156305
86.255884714
86.2765961828
86.2939783778
86.2857671512
86.3132632216
86.3127232088
86.3380244393
86.3445535598
86.3426048312
86.3545387797
86.3876503507
86.3825036965
86.4033676214
86.414359144
86.435839409
86.4519945445
86.4497876558
86.4811053864
86.4929687945
86.5013526221
86.4995371398
86.5172573436
86.5304388761
86.5391587918
86.5705127624
86.5635537676
86.5864788926
86.5769745664
86.6245073728
86.620451638
86.6285784478
86.6253231077
86.6559231761
86.6683631035
86.6928691929
86.6687457749
86.7079692537
